w_20d,w_30d,w_50d,w_100d,w_200d,w_365d,long_sharpe,long_avg,spread_sharpe,spread_avg,win_rate,n_dates
0,0,0,0,100,0,0.2054792046546936,0.04040529206395149,0.09373006224632263,0.023764418438076973,0.64043047056341,4739
0,0,0,10,90,0,0.1984180361032486,0.03890643268823624,0.08860442042350769,0.022553825750947,0.6490820848280228,4739
0,0,0,20,80,0,0.19613322615623474,0.038423214107751846,0.08750589936971664,0.0223433468490839,0.6492930998100865,4739
0,0,0,0,90,10,0.19608363509178162,0.03663277253508568,0.08528712391853333,0.021772077307105064,0.6461278750791306,4739
0,0,0,0,80,20,0.19349659979343414,0.03600233420729637,0.08624348789453506,0.022074326872825623,0.6480270099177041,4739
0,0,0,10,80,10,0.19318804144859314,0.03572002053260803,0.0838736817240715,0.02146720699965954,0.6528803545051699,4739
0,0,0,30,70,0,0.1921810656785965,0.03758278116583824,0.08452151715755463,0.02156532183289528,0.6440177252584933,4739
0,0,0,20,70,10,0.19214016199111938,0.03572862222790718,0.0838625580072403,0.021500108763575554,0.6528803545051699,4739
0,0,0,0,70,30,0.19051167368888855,0.034998174756765366,0.0846422091126442,0.02158837579190731,0.6478159949356405,4739
0,0,0,30,60,10,0.19006799161434174,0.035331256687641144,0.0822170227766037,0.02102462388575077,0.6528803545051699,4739
0,0,0,40,60,0,0.18908700346946716,0.03702412545681,0.08269941806793213,0.021137628704309464,0.6410635155096012,4739
0,0,0,0,60,40,0.1883493959903717,0.034421298652887344,0.08417846262454987,0.021433286368846893,0.6461278750791306,4739
0,0,0,10,70,20,0.18823926150798798,0.03437554091215134,0.08094830065965652,0.020752880722284317,0.653513399451361,4739
0,0,0,20,60,20,0.18796493113040924,0.03415260463953018,0.08110062032938004,0.020683886483311653,0.6524583245410425,4739
0,0,0,40,50,10,0.18794170022010803,0.03490963950753212,0.08058460056781769,0.020611509680747986,0.6505591897024688,4739
0,0,0,30,50,20,0.1874624341726303,0.03392114117741585,0.0799582451581955,0.020372970029711723,0.653513399451361,4739
0,0,0,0,50,50,0.18718624114990234,0.03410539776086807,0.08323591947555542,0.021116822957992554,0.6463388900611944,4739
0,0,0,50,50,0,0.18633189797401428,0.036520205438137054,0.0786527693271637,0.020096201449632645,0.6414855454737286,4739
0,0,0,40,40,20,0.18516598641872406,0.03361161798238754,0.07973233610391617,0.02023574896156788,0.6524583245410425,4739
0,0,0,50,40,10,0.18512366712093353,0.034416958689689636,0.07906222343444824,0.02014005556702614,0.6503481747204052,4739
0,0,0,10,60,30,0.18494364619255066,0.03362273424863815,0.07956142723560333,0.020431093871593475,0.6518252795948513,4739
0,0,0,0,40,60,0.1848369985818863,0.033587366342544556,0.07988950610160828,0.020213201642036438,0.6495041147921502,4739
0,0,0,20,50,30,0.18477179110050201,0.033378589898347855,0.08059072494506836,0.0205508042126894,0.6526693395231061,4739
0,0,0,90,0,10,0.1846974641084671,0.03463056683540344,0.09131059050559998,0.02235209196805954,0.6446507702046845,4739
0,0,0,50,30,20,0.18438878655433655,0.033505022525787354,0.08058228343725204,0.02036978490650654,0.6522473095589787,4739
0,0,0,60,20,20,0.18422836065292358,0.033642325550317764,0.082481749355793,0.020788196474313736,0.654357459379616,4739
0,0,10,0,90,0,0.18420259654521942,0.033964984118938446,0.06235359609127045,0.015593238174915314,0.6518252795948513,4739
0,0,0,60,30,10,0.18388965725898743,0.03419634699821472,0.07918496429920197,0.02005736343562603,0.65119223464866,4739
0,0,0,10,50,40,0.18378637731075287,0.03320916369557381,0.08002006262540817,0.02043674699962139,0.6492930998100865,4739
0,0,0,30,40,30,0.1836424320936203,0.033076006919145584,0.07995400577783585,0.0203106626868248,0.6522473095589787,4739
0,0,0,40,30,30,0.1834864318370819,0.03298090398311615,0.08129444718360901,0.020517705008387566,0.6524583245410425,4739
0,0,0,50,20,30,0.18329152464866638,0.032928358763456345,0.08270306140184402,0.020769797265529633,0.6539354294154885,4739
0,0,0,0,30,70,0.18312902748584747,0.03323553875088692,0.07838217169046402,0.01980677805840969,0.6476049799535767,4739
0,0,0,20,40,40,0.18307088315486908,0.03287282958626747,0.08151952177286148,0.020681457594037056,0.6524583245410425,4739
0,0,0,70,20,10,0.18297824263572693,0.03416409716010094,0.0813976526260376,0.020499685779213905,0.6514032496307238,4739
0,0,0,10,40,50,0.18255101144313812,0.03294989839196205,0.07949574291706085,0.020266424864530563,0.6471829499894493,4739
0,0,0,60,40,0,0.18250326812267303,0.03584761172533035,0.07633046060800552,0.019461866468191147,0.6397974256172189,4739
0,0,0,70,10,20,0.18218277394771576,0.03321482613682747,0.08511849492788315,0.021175442263484,0.6509812196665963,4739
0,0,0,80,0,20,0.18155138194561005,0.033233076333999634,0.087514728307724,0.02147482894361019,0.6471829499894493,4739
0,0,0,60,10,30,0.18132160604000092,0.03266964852809906,0.08446338772773743,0.021064354106783867,0.6516142646127875,4739
0,0,0,80,10,10,0.18104635179042816,0.0336686372756958,0.08473765105009079,0.021071884781122208,0.6484490398818316,4739
0,0,0,40,20,40,0.18100057542324066,0.0323726125061512,0.08283447474241257,0.020804857835173607,0.6526693395231061,4739
0,0,0,30,30,40,0.18093879520893097,0.03235247731208801,0.07999718934297562,0.020199256017804146,0.6514032496307238,4739
0,0,0,0,20,80,0.18080665171146393,0.03283393755555153,0.0769885927438736,0.019429385662078857,0.6461278750791306,4739
0,0,0,10,30,60,0.18039561808109283,0.03235189989209175,0.07748130708932877,0.019644251093268394,0.6478159949356405,4739
0,0,20,0,80,0,0.180361807346344,0.032935768365859985,0.06094782426953316,0.014934194274246693,0.6490820848280228,4739
0,0,0,20,30,50,0.18027180433273315,0.0322619266808033,0.08041654527187347,0.020313290879130363,0.6528803545051699,4739
0,0,0,40,10,50,0.18024154007434845,0.032145291566848755,0.085513174533844,0.021331487223505974,0.6526693395231061,4739
0,0,0,50,10,40,0.1798291653394699,0.0321362242102623,0.08401988446712494,0.020923685282468796,0.6522473095589787,4739
0,0,10,0,80,10,0.1797037422657013,0.03264709934592247,0.06417655944824219,0.016237428411841393,0.6533023844692973,4739
0,10,0,0,90,0,0.17961232364177704,0.03267199546098709,0.05833718180656433,0.014442311599850655,0.6395864106351551,4739
0,0,0,20,20,60,0.1794402003288269,0.03189132735133171,0.0817905068397522,0.02048300951719284,0.653513399451361,4739
0,0,10,10,80,0,0.17943915724754333,0.033017564564943314,0.059525296092033386,0.014853454194962978,0.6516142646127875,4739
0,0,0,10,20,70,0.1793215572834015,0.03220875933766365,0.07870373129844666,0.01986774429678917,0.6499261447562777,4739
0,0,0,30,20,50,0.17922918498516083,0.03197085112333298,0.08236552029848099,0.020706983283162117,0.6507702046845326,4739
0,0,0,70,30,0,0.1790442168712616,0.035286590456962585,0.07427950203418732,0.01889449916779995,0.6372652458324541,4739
0,0,0,70,0,30,0.1789059042930603,0.03244604542851448,0.08467603474855423,0.020811716094613075,0.6503481747204052,4739
0,0,10,10,70,10,0.17859581112861633,0.03236439824104309,0.06380293518304825,0.016107045114040375,0.6579447140746993,4739
0,0,0,30,10,60,0.17830589413642883,0.031701814383268356,0.0844717025756836,0.02101277746260166,0.6537244144334248,4739
0,0,0,0,10,90,0.17826072871685028,0.03245582804083824,0.07627825438976288,0.019257230684161186,0.641907575437856,4739
0,0,0,40,0,60,0.17821812629699707,0.031808316707611084,0.08185771852731705,0.020164730027318,0.6539354294154885,4739
10,0,0,0,90,0,0.17814815044403076,0.0323917455971241,0.05473050847649574,0.01339798979461193,0.6400084405992825,4739
0,0,0,50,0,50,0.17808017134666443,0.03186485171318054,0.08249975740909576,0.020328013226389885,0.6530913694872336,4739
0,0,0,60,0,40,0.17783357203006744,0.032009147107601166,0.08299925923347473,0.02044447883963585,0.6524583245410425,4739
0,0,0,30,0,70,0.1776508390903473,0.031599149107933044,0.08073306828737259,0.01977543532848358,0.6541464443975522,4739
0,0,0,20,10,70,0.1774044930934906,0.03157811984419823,0.08345862478017807,0.0207525584846735,0.6503481747204052,4739
0,0,10,20,60,10,0.17673654854297638,0.03204553201794624,0.06290870159864426,0.01582704856991768,0.6579447140746993,4739
0,0,0,10,10,80,0.1765752136707306,0.03156184032559395,0.07737351953983307,0.019342277199029922,0.6463388900611944,4739
0,0,0,20,0,80,0.17647945880889893,0.031510960310697556,0.07805203646421432,0.019113177433609962,0.6537244144334248,4739
0,0,10,20,70,0,0.17624881863594055,0.03252565488219261,0.05847179889678955,0.014559156261384487,0.6482380248997679,4739
0,0,10,20,50,20,0.17572849988937378,0.031618040055036545,0.06522053480148315,0.016381625086069107,0.6592108039670816,4739
0,0,10,0,70,20,0.17558714747428894,0.03149814158678055,0.06254364550113678,0.015818031504750252,0.6556235492719983,4739
0,0,10,30,40,20,0.17551374435424805,0.03156853839755058,0.06572677195072174,0.016422174870967865,0.6585777590208904,4739
0,0,30,0,70,0,0.17549100518226624,0.03185271471738815,0.057800889015197754,0.013931446708738804,0.6452838151508757,4739
0,0,10,10,60,20,0.17548112571239471,0.03149225562810898,0.062214870005846024,0.01570265367627144,0.6602658788774003,4739
0,0,0,10,0,90,0.17531907558441162,0.03129974752664566,0.07039906084537506,0.01731014810502529,0.646549905043258,4739
0,0,10,80,0,10,0.17525863647460938,0.03245638683438301,0.0739172101020813,0.017881004139780998,0.6524583245410425,4739
0,0,20,0,70,10,0.17516808211803436,0.031555064022541046,0.06104827672243118,0.015100611373782158,0.6579447140746993,4739
0,0,10,40,30,20,0.1750609129667282,0.03152063861489296,0.0668514296412468,0.0166334118694067,0.658155729056763,4739
0,0,10,30,50,10,0.1747531145811081,0.03167862817645073,0.062110785394907,0.015580728650093079,0.6556235492719983,4739
0,0,0,80,20,0,0.17466290295124054,0.034501709043979645,0.07305928319692612,0.018485790118575096,0.6347330660476894,4739
0,0,10,40,40,10,0.1745961308479309,0.03172088414430618,0.06364709138870239,0.015917621552944183,0.6554125342899346,4739
0,10,0,0,80,10,0.17439593374729156,0.030746739357709885,0.058263782411813736,0.014568546786904335,0.649715129774214,4739
0,0,10,30,60,0,0.17432093620300293,0.032200515270233154,0.05803760886192322,0.014430194161832333,0.6484490398818316,4739
0,0,10,50,20,20,0.17414729297161102,0.031406886875629425,0.07009536772966385,0.01729830913245678,0.6571006541464444,4739
10,0,0,0,80,10,0.17396457493305206,0.03086230903863907,0.056539807468652725,0.014026220887899399,0.6480270099177041,4739
0,10,0,10,80,0,0.17386724054813385,0.031499363481998444,0.055007122457027435,0.013554234988987446,0.6438067102764297,4739
0,0,10,60,10,20,0.1737814098596573,0.03138480708003044,0.07189664989709854,0.01759151928126812,0.6545684743616796,4739
0,0,10,40,50,0,0.173438161611557,0.03206891193985939,0.05782776325941086,0.014371220953762531,0.6482380248997679,4739
0,0,10,0,50,40,0.17334072291851044,0.03037106990814209,0.060602255165576935,0.015301870182156563,0.6560455792361257,4739
0,10,10,0,80,0,0.17333222925662994,0.03067084215581417,0.05073276534676552,0.012318083085119724,0.645916860097067,4739
0,0,10,20,40,30,0.17330680787563324,0.030481727793812752,0.06393449753522873,0.0159948468208313,0.6592108039670816,4739
0,0,10,50,30,10,0.17328089475631714,0.0315498486161232,0.06445526331663132,0.01604989543557167,0.654357459379616,4739
10,0,0,10,70,10,0.17326758801937103,0.030538571998476982,0.05555810034275055,0.013779654167592525,0.6520362945769149,4739
0,0,10,50,10,30,0.1732589453458786,0.03067796118557453,0.07202709466218948,0.017614537850022316,0.6566786241823169,4739
0,0,10,40,20,30,0.1731865406036377,0.030731316655874252,0.06837420165538788,0.01694880612194538,0.6562565942181895,4739
0,0,10,0,60,30,0.1731858253479004,0.030465587973594666,0.059655286371707916,0.015087252482771873,0.654357459379616,4739
0,10,0,10,70,10,0.17307469248771667,0.030610382556915283,0.05814121663570404,0.01449720561504364,0.6528803545051699,4739
10,0,0,10,80,0,0.1730286329984665,0.03130011260509491,0.05177779495716095,0.012634621933102608,0.6393753956530913,4739
0,0,10,30,30,30,0.17290933430194855,0.030546298250555992,0.0642971396446228,0.016042867675423622,0.6564676092002533,4739
0,0,30,0,60,10,0.17263562977313995,0.030964277684688568,0.059171631932258606,0.014425388537347317,0.6556235492719983,4739
10,0,10,0,80,0,0.17262957990169525,0.030564909800887108,0.04897839576005936,0.011834277771413326,0.6452838151508757,4739
0,0,10,70,0,20,0.17258165776729584,0.031331196427345276,0.07363001257181168,0.01777917891740799,0.6505591897024688,4739
0,0,20,10,70,0,0.17257849872112274,0.031458619982004166,0.05612195283174515,0.013685232028365135,0.6482380248997679,4739
0,0,10,70,10,10,0.1724816858768463,0.03146262466907501,0.06924562901258469,0.016895893961191177,0.6488710698459591,4739
10,0,0,20,60,10,0.17247271537780762,0.03042774461209774,0.058494821190834045,0.01436521764844656,0.6480270099177041,4739
10,0,0,20,70,0,0.17234797775745392,0.03133421391248703,0.05498531088232994,0.013373879715800285,0.6402194555813463,4739
0,10,0,20,70,0,0.17227870225906372,0.031191328540444374,0.055481377989053726,0.013585485517978668,0.642751635366111,4739
0,0,10,10,50,30,0.17223761975765228,0.030248815193772316,0.05983022227883339,0.0150748947635293,0.658999788985018,4739
0,0,10,40,10,40,0.17208462953567505,0.030182935297489166,0.07014213502407074,0.017218612134456635,0.6552015193078708,4739
0,0,0,90,10,0,0.1720169335603714,0.03419319540262222,0.07263217121362686,0.018287470564246178,0.6286136315678413,4739
0,0,10,0,40,50,0.1719699651002884,0.030067438259720802,0.060288358479738235,0.015199068002402782,0.6526693395231061,4739
0,0,10,60,0,30,0.17187653481960297,0.03062514029443264,0.07220534235239029,0.017505040392279625,0.6554125342899346,4739
0,0,10,60,20,10,0.1715073585510254,0.031215544790029526,0.06588221341371536,0.016264168545603752,0.6509812196665963,4739
10,0,0,10,60,20,0.17150282859802246,0.030083663761615753,0.056347887963056564,0.014014126732945442,0.6505591897024688,4739
0,10,0,20,60,10,0.17142987251281738,0.030380912125110626,0.05946598947048187,0.014760585501790047,0.6522473095589787,4739
10,0,0,0,70,20,0.17140445113182068,0.03035716526210308,0.05702284350991249,0.01421984564512968,0.6495041147921502,4739
0,0,10,50,40,0,0.17125533521175385,0.031707871705293655,0.057040970772504807,0.01410619169473648,0.646549905043258,4739
0,0,10,30,20,40,0.17114953696727753,0.030028408393263817,0.06605646014213562,0.01638158969581127,0.6602658788774003,4739
0,0,20,0,60,20,0.17093904316425323,0.03053164854645729,0.059231437742710114,0.014639177359640598,0.654357459379616,4739
10,0,0,40,10,40,0.1709149181842804,0.02968490682542324,0.06984256953001022,0.01689172349870205,0.653513399451361,4739
0,10,10,0,70,10,0.17089085280895233,0.02991366945207119,0.05445177108049393,0.01336751040071249,0.653513399451361,4739
0,0,0,0,0,100,0.1708778738975525,0.031172852963209152,0.0657963901758194,0.01624099537730217,0.6357881409580081,4739
10,0,0,20,50,20,0.17087209224700928,0.030077330768108368,0.06119861826300621,0.015066562220454216,0.6530913694872336,4739
10,0,0,30,30,30,0.17085634171962738,0.030068162828683853,0.06575890630483627,0.016129812225699425,0.6568896391643807,4739
10,0,0,30,60,0,0.1707121729850769,0.031046686694025993,0.05392151325941086,0.01309901475906372,0.6408525005275375,4739
10,0,0,50,10,30,0.1706766039133072,0.029991108924150467,0.0706150159239769,0.016998035833239555,0.6516142646127875,4739
0,0,40,0,60,0,0.17065586149692535,0.030800724402070045,0.054389581084251404,0.012959648855030537,0.6410635155096012,4739
10,0,0,30,20,40,0.17058023810386658,0.02956097200512886,0.0677231103181839,0.01648283563554287,0.654357459379616,4739
0,0,10,20,30,40,0.17057420313358307,0.029800212010741234,0.06314130872488022,0.01576383039355278,0.6566786241823169,4739
0,0,20,10,60,10,0.17048344016075134,0.030597835779190063,0.058392155915498734,0.014370868913829327,0.6556235492719983,4739
0,10,0,30,40,20,0.17037785053253174,0.029905926436185837,0.06334227323532104,0.015646187588572502,0.6520362945769149,4739
0,0,20,20,60,0,0.1703636348247528,0.03109884262084961,0.05532683804631233,0.013501264154911041,0.6484490398818316,4739
0,0,10,10,20,60,0.17033077776432037,0.02952641062438488,0.061264995485544205,0.015283526852726936,0.6530913694872336,4739
0,10,20,0,70,0,0.1703295111656189,0.03010999597609043,0.04963957145810127,0.011902447789907455,0.646549905043258,4739
0,10,0,30,50,10,0.17032302916049957,0.030184106901288033,0.05958961695432663,0.014726074412465096,0.649715129774214,4739
10,0,0,40,20,30,0.17031124234199524,0.029875241219997406,0.0680386871099472,0.016559962183237076,0.6549905043258071,4739
0,20,0,0,80,0,0.1702394336462021,0.030210457742214203,0.04961134120821953,0.01196067500859499,0.6370542308503904,4739
0,10,0,30,60,0,0.17023330926895142,0.030900809913873672,0.05378228425979614,0.013167819008231163,0.6435956952943659,4739
0,0,10,10,30,50,0.17021316289901733,0.0296267569065094,0.060011301189661026,0.015058398246765137,0.6556235492719983,4739
0,10,0,20,50,20,0.17018459737300873,0.029803229495882988,0.06109107658267021,0.015157081186771393,0.6549905043258071,4739
0,0,10,10,40,40,0.17014335095882416,0.029702555388212204,0.05876191332936287,0.014796878211200237,0.6577336990926356,4739
10,0,0,10,50,30,0.1701274812221527,0.029754992574453354,0.05742761865258217,0.014329684898257256,0.6541464443975522,4739
10,0,0,20,40,30,0.17009973526000977,0.029745133593678474,0.06283994764089584,0.015470734797418118,0.6522473095589787,4739
10,0,10,0,70,10,0.1699010282754898,0.029649043455719948,0.050886426120996475,0.01248492207378149,0.653513399451361,4739
0,0,10,0,30,60,0.1698852777481079,0.029550932347774506,0.05773449316620827,0.014495598152279854,0.6539354294154885,4739
10,0,0,30,40,20,0.16986943781375885,0.029860081151127815,0.061728499829769135,0.015122277662158012,0.6509812196665963,4739
0,0,10,50,0,40,0.169867143034935,0.029945561662316322,0.0693197175860405,0.0168202705681324,0.6568896391643807,4739
0,0,30,0,50,20,0.16984237730503082,0.030270572751760483,0.058619365096092224,0.01430202554911375,0.6558345642540621,4739
10,0,0,30,10,50,0.16984081268310547,0.02922755479812622,0.06808958202600479,0.01648477278649807,0.6552015193078708,4739
0,10,0,0,70,20,0.16976037621498108,0.029728040099143982,0.05734390765428543,0.014379000291228294,0.6520362945769149,4739
0,10,0,40,50,0,0.16966773569583893,0.030867477878928185,0.05317680165171623,0.013018147088587284,0.64043047056341,4739
0,10,0,20,40,30,0.16966301202774048,0.029520519077777863,0.06225811690092087,0.015458296053111553,0.6568896391643807,4739
0,10,0,30,30,30,0.1696479171514511,0.029544515535235405,0.06445862352848053,0.01593022234737873,0.6533023844692973,4739
10,0,0,20,30,40,0.16963379085063934,0.029443461447954178,0.06459396332502365,0.01587139070034027,0.6549905043258071,4739
10,0,0,40,30,20,0.16958582401275635,0.029797935858368874,0.06321601569652557,0.015427136793732643,0.6503481747204052,4739
0,0,10,20,10,60,0.16950179636478424,0.029435308650135994,0.06677516549825668,0.016402360051870346,0.6575226841105718,4739
0,10,0,50,20,20,0.1694881170988083,0.029691265895962715,0.06536151468753815,0.015934927389025688,0.653513399451361,4739
0,10,0,10,60,20,0.16947512328624725,0.029598630964756012,0.05707460641860962,0.014279838651418686,0.6568896391643807,4739
0,10,0,40,20,30,0.16947247087955475,0.029499905183911324,0.06607507914304733,0.01618022285401821,0.6558345642540621,4739
0,0,20,10,50,20,0.16945402324199677,0.03025985322892666,0.06004974991083145,0.014805124141275883,0.6560455792361257,4739
10,0,0,30,50,10,0.16944146156311035,0.029858846217393875,0.057117827236652374,0.013958261348307133,0.6444397552226208,4739
0,0,10,20,20,50,0.16938363015651703,0.02950475364923477,0.06506773829460144,0.01614917255938053,0.6583667440388268,4739
0,10,0,40,30,20,0.1693660020828247,0.029670320451259613,0.06367764621973038,0.01562565751373768,0.6524583245410425,4739
0,0,10,30,10,50,0.1693306267261505,0.029577741399407387,0.06829456984996796,0.01678151823580265,0.6554125342899346,4739
0,0,40,0,50,10,0.16923940181732178,0.030196113511919975,0.057158004492521286,0.013789148069918156,0.6516142646127875,4739
10,0,0,20,20,50,0.16923880577087402,0.029114484786987305,0.0657658576965332,0.01610296219587326,0.6579447140746993,4739
0,0,40,0,40,20,0.16903997957706451,0.030042413622140884,0.05900329723954201,0.01420955453068018,0.6537244144334248,4739
0,0,10,40,0,50,0.16894777119159698,0.029751405119895935,0.06863973289728165,0.01669054664671421,0.6558345642540621,4739
10,0,0,0,60,30,0.16890937089920044,0.029639896005392075,0.05596070736646652,0.013986622914671898,0.6480270099177041,4739
0,10,10,10,70,0,0.16890579462051392,0.029895493760704994,0.04913436248898506,0.01186398882418871,0.6467609200253218,4739
0,10,0,40,40,10,0.16880308091640472,0.029906373471021652,0.058610700070858,0.014430335722863674,0.6471829499894493,4739
0,10,0,60,10,20,0.1687823385000229,0.02955564670264721,0.06734589487314224,0.016238976269960403,0.6528803545051699,4739
0,10,0,50,10,30,0.16875894367694855,0.029348991811275482,0.06790166348218918,0.016443243250250816,0.6558345642540621,4739
0,10,10,0,60,20,0.16870950162410736,0.029330115765333176,0.05458354577422142,0.013434099964797497,0.654357459379616,4739
10,0,10,0,60,20,0.16868551075458527,0.02933504246175289,0.0527924969792366,0.012986824847757816,0.6552015193078708,4739
0,0,20,20,40,20,0.16859228909015656,0.030072113499045372,0.06078144162893295,0.014905666932463646,0.6585777590208904,4739
0,0,10,60,30,0,0.16858826577663422,0.03121928870677948,0.055627863854169846,0.01371926162391901,0.6446507702046845,4739
0,0,10,0,20,70,0.168545663356781,0.029320158064365387,0.05679890885949135,0.014209147542715073,0.6520362945769149,4739
10,0,0,60,10,20,0.16853450238704681,0.029609305784106255,0.06603624671697617,0.015823347494006157,0.647393964971513,4739
10,0,0,50,0,40,0.16852867603302002,0.029246807098388672,0.06837030500173569,0.016248298808932304,0.6541464443975522,4739
10,0,0,20,10,60,0.16846425831317902,0.028875408694148064,0.06601432710886002,0.016051653772592545,0.6564676092002533,4739
10,0,0,50,20,20,0.16836901009082794,0.02957056649029255,0.06504210084676743,0.01573387160897255,0.6501371597383414,4739
10,0,0,40,40,10,0.1682981699705124,0.02962966077029705,0.057047437876462936,0.013887806795537472,0.645072800168812,4739
0,0,30,10,60,0,0.16828924417495728,0.030452871695160866,0.05336131900548935,0.012801040895283222,0.6467609200253218,4739
10,0,0,60,0,30,0.16826416552066803,0.02961747720837593,0.06762328743934631,0.016071124002337456,0.65119223464866,4739
0,0,20,20,50,10,0.16815251111984253,0.03014856018126011,0.05741571635007858,0.01410068292170763,0.6539354294154885,4739
0,10,0,70,10,10,0.1680995225906372,0.029795987531542778,0.06199085712432861,0.01491677388548851,0.6484490398818316,4739
0,10,0,50,30,10,0.16808582842350006,0.029773075133562088,0.059351596981287,0.014539196155965328,0.6484490398818316,4739
0,10,0,10,20,60,0.168077751994133,0.0288598220795393,0.06004133075475693,0.01488024927675724,0.6524583245410425,4739
10,0,0,40,50,0,0.1680585741996765,0.03057667426764965,0.05088415741920471,0.012313982471823692,0.6408525005275375,4739
0,0,20,30,30,20,0.16803902387619019,0.03001345880329609,0.06196398660540581,0.01513188611716032,0.6556235492719983,4739
10,0,0,30,0,60,0.16801802814006805,0.02893664687871933,0.06536101549863815,0.015639694407582283,0.6568896391643807,4739
0,0,20,10,40,30,0.1680137664079666,0.029609646648168564,0.060031190514564514,0.014789965003728867,0.6594218189491454,4739
0,0,20,0,50,30,0.16800734400749207,0.02953585982322693,0.05727387219667435,0.014188181608915329,0.6537244144334248,4739
0,10,0,30,20,40,0.16796298325061798,0.0290902778506279,0.06426914781332016,0.01585427299141884,0.6520362945769149,4739
0,0,10,10,10,70,0.16795943677425385,0.02905983105301857,0.061758436262607574,0.015242915600538254,0.6524583245410425,4739
0,10,0,0,60,30,0.16795766353607178,0.029244637116789818,0.05567812919616699,0.014037392102181911,0.6528803545051699,4739
0,10,0,20,10,60,0.1678842306137085,0.028929205611348152,0.06581288576126099,0.016124924644827843,0.6568896391643807,4739
10,0,0,10,40,40,0.16785812377929688,0.029040943831205368,0.05694529414176941,0.014158960431814194,0.6530913694872336,4739
0,10,0,10,40,40,0.16781869530677795,0.029107071459293365,0.05825509876012802,0.014616589993238449,0.6537244144334248,4739
0,10,0,60,0,30,0.167771577835083,0.029328882694244385,0.0688878744840622,0.016484888270497322,0.6539354294154885,4739
0,10,0,40,10,40,0.16775202751159668,0.02905641496181488,0.06752603501081467,0.01644180901348591,0.6560455792361257,4739
0,10,0,10,30,50,0.16772152483463287,0.028982210904359818,0.05947607755661011,0.014856490306556225,0.6537244144334248,4739
0,10,0,50,0,40,0.16759920120239258,0.029127299785614014,0.06706265360116959,0.01615941897034645,0.6528803545051699,4739
0,10,0,10,50,30,0.16757847368717194,0.029069319367408752,0.05621298402547836,0.014112882316112518,0.6564676092002533,4739
0,10,0,20,30,40,0.16751882433891296,0.029027678072452545,0.06259295344352722,0.015559948049485683,0.6514032496307238,4739
0,0,20,40,30,10,0.16750262677669525,0.030061038210988045,0.0591609813272953,0.014422326348721981,0.6503481747204052,4739
10,0,0,70,10,10,0.167493537068367,0.029535386711359024,0.06037793681025505,0.014312425628304482,0.6446507702046845,4739
0,20,10,0,70,0,0.16748620569705963,0.029234088957309723,0.04631059244275093,0.01103776041418314,0.6431736653302385,4739
0,10,0,60,20,10,0.16744482517242432,0.029641544446349144,0.06159146875143051,0.014927678741514683,0.6478159949356405,4739
0,0,30,0,40,30,0.1674399971961975,0.0295119471848011,0.05756557360291481,0.014064419083297253,0.6537244144334248,4739
10,0,10,10,70,0,0.167405903339386,0.029661288484930992,0.04673890769481659,0.011245141737163067,0.646549905043258,4739
0,10,0,80,0,10,0.16736549139022827,0.02997450903058052,0.06148302182555199,0.014625869691371918,0.645916860097067,4739
0,0,20,60,0,20,0.16729921102523804,0.03022301197052002,0.0680522471666336,0.01621180586516857,0.6518252795948513,4739
0,0,20,30,40,10,0.16728726029396057,0.029995111748576164,0.057669561356306076,0.014115793630480766,0.6545684743616796,4739
0,0,10,0,10,80,0.1672614961862564,0.029040502384305,0.057152289897203445,0.014070197008550167,0.649715129774214,4739
0,30,0,0,70,0,0.16725566983222961,0.029431303963065147,0.0486331470310688,0.011586559936404228,0.6406414855454737,4739
0,0,20,60,10,10,0.16723114252090454,0.030152808874845505,0.06470846384763718,0.015498044900596142,0.6501371597383414,4739
0,10,0,10,10,70,0.16722004115581512,0.028657972812652588,0.06033762916922569,0.01483022142201662,0.6514032496307238,4739
0,10,0,70,0,20,0.167184516787529,0.029385574162006378,0.06615891307592392,0.015792908146977425,0.6509812196665963,4739
0,0,10,30,0,60,0.1670880764722824,0.029226917773485184,0.0654340460896492,0.015883812680840492,0.6560455792361257,4739
0,10,20,0,60,10,0.16708549857139587,0.029155850410461426,0.05217628926038742,0.012643471360206604,0.6530913694872336,4739
0,10,30,0,60,0,0.16708256304264069,0.02943369932472706,0.04957624152302742,0.011741179041564465,0.6448617851867483,4739
0,0,30,10,40,20,0.1670779585838318,0.029736600816249847,0.05839768797159195,0.01420555543154478,0.6541464443975522,4739
0,0,20,20,30,30,0.16702577471733093,0.029500065371394157,0.06158280745148659,0.015099749900400639,0.6564676092002533,4739
10,0,0,40,0,50,0.16702328622341156,0.028831712901592255,0.06585744768381119,0.01573379524052143,0.6560455792361257,4739
0,0,30,10,50,10,0.16699646413326263,0.029806043952703476,0.055889349430799484,0.013534079305827618,0.6554125342899346,4739
10,0,0,50,30,10,0.16695010662078857,0.02938518300652504,0.057079095393419266,0.013818937353789806,0.6444397552226208,4739
0,0,20,40,20,20,0.16694794595241547,0.0299090463668108,0.06377782672643661,0.015517964959144592,0.6509812196665963,4739
0,0,50,0,30,20,0.16693054139614105,0.02941983751952648,0.05877893790602684,0.013921634294092655,0.6528803545051699,4739
0,0,10,20,0,70,0.16689644753932953,0.029057011008262634,0.06359317898750305,0.015392041765153408,0.6558345642540621,4739
0,0,50,0,40,10,0.16689513623714447,0.029638666659593582,0.055163539946079254,0.013120785355567932,0.6509812196665963,4739
0,0,20,30,50,0,0.16688105463981628,0.03051104210317135,0.05302992835640907,0.012936622835695744,0.6435956952943659,4739
0,0,20,70,0,10,0.1668715924024582,0.030522510409355164,0.06401649117469788,0.015218781307339668,0.6471829499894493,4739
0,0,20,50,10,20,0.16685566306114197,0.02995806187391281,0.0660436823964119,0.01592373289167881,0.6516142646127875,4739
10,0,0,80,0,10,0.1668548285961151,0.029722154140472412,0.0591791570186615,0.013872731477022171,0.6431736653302385,4739
0,10,0,30,10,50,0.16684865951538086,0.02882618084549904,0.0664389580488205,0.016221940517425537,0.6537244144334248,4739
10,0,10,0,50,30,0.16682374477386475,0.028982847929000854,0.05391307547688484,0.013300405815243721,0.654357459379616,4739
10,0,0,10,30,50,0.1668098270893097,0.028704937547445297,0.056915462017059326,0.014105462469160557,0.6552015193078708,4739
10,0,0,10,20,60,0.16680966317653656,0.02860737405717373,0.058713845908641815,0.01447577029466629,0.6571006541464444,4739
0,10,0,0,50,40,0.1667979210615158,0.02891337312757969,0.05585552379488945,0.014016677625477314,0.6505591897024688,4739
10,0,0,60,20,10,0.16671927273273468,0.029349112883210182,0.05850817263126373,0.014027177356183529,0.6454948301329394,4739
0,0,20,30,20,30,0.16664722561836243,0.029414385557174683,0.06391236186027527,0.015530005097389221,0.6554125342899346,4739
0,10,10,20,60,0,0.16664248704910278,0.029551329091191292,0.04893142729997635,0.011802136898040771,0.6446507702046845,4739
0,10,0,20,20,50,0.16663017868995667,0.028768545016646385,0.06386885046958923,0.015789855271577835,0.6533023844692973,4739
10,0,0,20,0,70,0.16656038165092468,0.028610458597540855,0.06261953711509705,0.015024050138890743,0.6602658788774003,4739
10,0,0,10,10,70,0.16652098298072815,0.02844652347266674,0.05873081833124161,0.014354722574353218,0.6564676092002533,4739
0,0,50,0,50,0,0.16651156544685364,0.029928207397460938,0.052481453865766525,0.012326067313551903,0.638109305760709,4739
10,10,0,0,80,0,0.1664668321609497,0.029337016865611076,0.04480113461613655,0.010750552639365196,0.6389533656889639,4739
0,0,10,10,0,80,0.1664656102657318,0.028824202716350555,0.05769211798906326,0.013945966958999634,0.6547794893437434,4739
10,0,10,20,60,0,0.16642610728740692,0.029476728290319443,0.04663515090942383,0.01117951050400734,0.642751635366111,4739
10,0,0,70,0,20,0.16637231409549713,0.029344674199819565,0.064117431640625,0.015129721723496914,0.6503481747204052,4739
0,10,10,10,60,10,0.16631779074668884,0.029062893241643906,0.05211383476853371,0.012734920717775822,0.6554125342899346,4739
0,10,10,0,50,30,0.166287362575531,0.028626834973692894,0.052891116589307785,0.013055664487183094,0.6530913694872336,4739
10,0,20,0,70,0,0.1662789136171341,0.029386859387159348,0.045365601778030396,0.010817348025739193,0.6467609200253218,4739
0,10,0,40,0,50,0.16622881591320038,0.028806336224079132,0.06551125645637512,0.015777654945850372,0.6539354294154885,4739
0,0,20,40,10,30,0.16617614030838013,0.029369492083787918,0.0645383670926094,0.015561511740088463,0.6516142646127875,4739
0,10,0,0,40,50,0.1661521941423416,0.028698768466711044,0.05541233345866203,0.01386626623570919,0.6530913694872336,4739
0,0,20,50,20,10,0.16612796485424042,0.029861649498343468,0.06121305376291275,0.014839163981378078,0.6488710698459591,4739
0,10,0,30,0,60,0.16611561179161072,0.028727959841489792,0.06484781205654144,0.015625065192580223,0.6549905043258071,4739
0,10,0,50,40,0,0.16607670485973358,0.030243786051869392,0.050249576568603516,0.01226561889052391,0.6364211859041992,4739
0,0,30,20,30,20,0.16597126424312592,0.02948807179927826,0.059070225805044174,0.014309113845229149,0.6568896391643807,4739
0,0,40,10,30,20,0.16594095528125763,0.029376627877354622,0.05951583757996559,0.01425296999514103,0.6526693395231061,4739
10,0,10,10,50,20,0.1659100353717804,0.028710678219795227,0.05031855031847954,0.012258046306669712,0.6549905043258071,4739
0,0,40,0,30,30,0.16583195328712463,0.029066715389490128,0.05773549899458885,0.013882161118090153,0.654357459379616,4739
0,0,30,10,30,30,0.165802463889122,0.029137106612324715,0.058102864772081375,0.014127478003501892,0.6528803545051699,4739
0,0,20,0,30,50,0.1657884418964386,0.02851240709424019,0.05624572932720184,0.013848917558789253,0.6522473095589787,4739
10,0,0,0,50,40,0.1657029092311859,0.028837881982326508,0.05487051606178284,0.013699761591851711,0.6484490398818316,4739
0,10,0,10,0,80,0.1655229926109314,0.028410667553544044,0.05590001493692398,0.013553260825574398,0.6499261447562777,4739
0,0,30,20,50,0,0.16550320386886597,0.03001868724822998,0.05293134227395058,0.012685221619904041,0.6454948301329394,4739
0,10,10,20,40,20,0.16543444991111755,0.02868306264281273,0.05482713133096695,0.013344448991119862,0.6571006541464444,4739
0,10,10,10,40,30,0.16541169583797455,0.02850503847002983,0.054380230605602264,0.013344808481633663,0.6541464443975522,4739
10,0,10,10,60,10,0.16534365713596344,0.028755810111761093,0.04748194292187691,0.011547714471817017,0.6539354294154885,4739
0,0,30,20,20,30,0.16533325612545013,0.029109539464116096,0.06161478906869888,0.014849817380309105,0.6554125342899346,4739
0,10,10,10,50,20,0.16531535983085632,0.02867225371301174,0.052938781678676605,0.012946268543601036,0.654357459379616,4739
0,0,20,0,40,40,0.16516545414924622,0.02856912463903427,0.054575640708208084,0.01350686326622963,0.653513399451361,4739
0,10,0,20,0,70,0.16514435410499573,0.028412558138370514,0.06261585652828217,0.015061978250741959,0.6558345642540621,4739
0,0,60,0,20,20,0.1650668829679489,0.029039455577731133,0.05834416672587395,0.013625524006783962,0.6505591897024688,4739
20,0,0,0,80,0,0.16503898799419403,0.029381904751062393,0.04349662363529205,0.010342517867684364,0.6372652458324541,4739
0,0,50,0,20,30,0.16503670811653137,0.028758376836776733,0.05910753458738327,0.013929796405136585,0.6539354294154885,4739
0,10,20,0,50,20,0.16497045755386353,0.02852982096374035,0.052006129175424576,0.012613749131560326,0.6554125342899346,4739
0,10,20,10,60,0,0.16496574878692627,0.02910200133919716,0.04701337590813637,0.011217214167118073,0.647393964971513,4739
0,10,10,0,40,40,0.16495287418365479,0.028171202167868614,0.05182540416717529,0.012824669480323792,0.6552015193078708,4739
0,0,20,20,20,40,0.16491010785102844,0.02854502759873867,0.06091468036174774,0.014849446713924408,0.6552015193078708,4739
10,0,10,0,40,40,0.1649082601070404,0.028275633230805397,0.052639368921518326,0.013004685752093792,0.6537244144334248,4739
0,0,20,40,40,0,0.16490399837493896,0.03015735000371933,0.052295003086328506,0.012705324217677116,0.6408525005275375,4739
0,0,40,10,20,30,0.1648915559053421,0.028844788670539856,0.05971655622124672,0.014222660101950169,0.6556235492719983,4739
0,40,0,0,60,0,0.1648833006620407,0.028822915628552437,0.04824495688080788,0.01134179625660181,0.6410635155096012,4739
0,10,10,20,50,10,0.1648567020893097,0.028816763311624527,0.051858674734830856,0.012632571160793304,0.6524583245410425,4739
0,10,10,20,30,30,0.16484999656677246,0.02839241363108158,0.05589168518781662,0.013609626330435276,0.6558345642540621,4739
10,0,0,0,40,50,0.16482794284820557,0.028560912236571312,0.05367742478847504,0.013394154608249664,0.6461278750791306,4739
0,0,30,20,40,10,0.164806067943573,0.029413187876343727,0.05433959513902664,0.013162636198103428,0.6533023844692973,4739
0,20,0,10,70,0,0.16477102041244507,0.029122497886419296,0.044850777834653854,0.010766876861453056,0.6406414855454737,4739
0,0,40,10,50,0,0.16476526856422424,0.029677530750632286,0.0511346198618412,0.01212169136852026,0.6431736653302385,4739
10,0,10,20,40,20,0.16473732888698578,0.02858240343630314,0.05350615084171295,0.012956938706338406,0.6560455792361257,4739
10,0,30,0,60,0,0.16472870111465454,0.029054414480924606,0.045698974281549454,0.010781625285744667,0.6440177252584933,4739
0,0,20,30,10,40,0.1646070033311844,0.0285188015550375,0.061346374452114105,0.014776532538235188,0.6549905043258071,4739
10,0,10,10,40,30,0.16460265219211578,0.028498327359557152,0.05212067812681198,0.012745659798383713,0.6556235492719983,4739
0,0,40,20,20,20,0.16460072994232178,0.029118405655026436,0.06097470968961716,0.014483783394098282,0.6505591897024688,4739
10,0,10,20,20,40,0.16459399461746216,0.02822979725897312,0.05785773694515228,0.014017327688634396,0.658155729056763,4739
0,0,10,70,20,0,0.1645604521036148,0.030539898201823235,0.052898578345775604,0.012986098416149616,0.6372652458324541,4739
0,10,10,30,30,20,0.16455663740634918,0.028623955324292183,0.05633256956934929,0.013674413785338402,0.6547794893437434,4739
0,0,30,30,20,20,0.16452349722385406,0.02930452488362789,0.06111612543463707,0.01470179483294487,0.6526693395231061,4739
0,0,30,50,10,10,0.16447393596172333,0.02959774248301983,0.06183251366019249,0.014739027246832848,0.6461278750791306,4739
0,0,20,10,30,40,0.1644333153963089,0.028416894376277924,0.056609202176332474,0.01393306814134121,0.6545684743616796,4739
10,0,0,50,40,0,0.16440355777740479,0.029887283220887184,0.04805343970656395,0.01160139124840498,0.6351550960118169,4739
0,30,10,0,60,0,0.1643945276737213,0.02836461365222931,0.045213356614112854,0.010642767883837223,0.6412745304916649,4739
0,0,20,0,20,60,0.1643771529197693,0.028186509385704994,0.056683801114559174,0.013863126747310162,0.6520362945769149,4739
0,20,0,0,70,10,0.1643679291009903,0.02845670096576214,0.048036228865385056,0.01168171688914299,0.645916860097067,4739
0,0,30,40,10,20,0.16435319185256958,0.029351547360420227,0.0632106214761734,0.015104901976883411,0.65119223464866,4739
0,0,20,50,0,30,0.16435065865516663,0.029049018397927284,0.06379639357328415,0.015215235762298107,0.6522473095589787,4739
10,0,20,0,60,10,0.16433577239513397,0.02852935716509819,0.04735496640205383,0.011385025456547737,0.6522473095589787,4739
0,0,20,10,10,60,0.16427993774414062,0.02817826345562935,0.05885486677289009,0.014249486848711967,0.654357459379616,4739
0,0,40,10,40,10,0.16426438093185425,0.029171455651521683,0.0546124130487442,0.013068550266325474,0.6530913694872336,4739
0,0,10,0,0,90,0.16423165798187256,0.028662728145718575,0.04725680500268936,0.011503735557198524,0.6480270099177041,4739
10,0,10,30,10,40,0.16420838236808777,0.028320856392383575,0.059360288083553314,0.014190534129738808,0.6577336990926356,4739
10,0,10,20,30,30,0.1641937494277954,0.02840009331703186,0.0552520789206028,0.013396798633038998,0.6577336990926356,4739
10,0,10,30,20,30,0.16417163610458374,0.02840787172317505,0.05781657621264458,0.01388282049447298,0.6579447140746993,4739
10,0,20,0,50,20,0.16416828334331512,0.028376027941703796,0.04915962368249893,0.011865586042404175,0.653513399451361,4739
10,10,0,10,70,0,0.16415733098983765,0.028905002400279045,0.043289363384246826,0.010313096456229687,0.6414855454737286,4739
0,10,30,0,50,10,0.16415131092071533,0.028538713231682777,0.05083533003926277,0.01214504148811102,0.653513399451361,4739
0,10,40,0,50,0,0.16413871943950653,0.028797755017876625,0.048036154359579086,0.011196483857929707,0.6421185904199198,4739
0,0,30,30,10,30,0.164130300283432,0.02895565889775753,0.06213745102286339,0.014820238575339317,0.6554125342899346,4739
10,0,10,20,50,10,0.1641203761100769,0.028551537543535233,0.04867687076330185,0.011780173517763615,0.6514032496307238,4739
0,0,50,10,20,20,0.16409972310066223,0.02884998545050621,0.059745967388153076,0.014003385789692402,0.653513399451361,4739
0,10,10,30,20,30,0.16409124433994293,0.028251344338059425,0.05742635577917099,0.013899905607104301,0.6566786241823169,4739
0,10,0,0,30,60,0.16407231986522675,0.028304412961006165,0.05329927057027817,0.013326897285878658,0.6505591897024688,4739
0,10,10,30,40,10,0.16405129432678223,0.028709661215543747,0.05174462869763374,0.012573182582855225,0.65119223464866,4739
0,10,10,30,10,40,0.16398786008358002,0.028124691918492317,0.05918438360095024,0.014235664159059525,0.6566786241823169,4739
10,0,10,0,20,60,0.16397465765476227,0.027817169204354286,0.05288706347346306,0.012945222668349743,0.654357459379616,4739
